{
 "cells": [
  {
   "cell_type": "markdown",
   "metadata": {},
   "source": [
    "### Model Training\n",
    "- 1.1 Import Data and Required Packages\n",
    "##### Importing Pandas, Numpy, Matplotlib, Seaborn and Warings Library."
   ]
  },
  {
   "cell_type": "code",
   "execution_count": 20,
   "metadata": {},
   "outputs": [],
   "source": [
    "# Basic Import\n",
    "import numpy as np\n",
    "import pandas as pd\n",
    "import matplotlib.pyplot as plt \n",
    "import seaborn as sns\n",
    "# Modelling\n",
    "from sklearn.metrics import mean_squared_error, r2_score\n",
    "from sklearn.neighbors import KNeighborsRegressor\n",
    "from sklearn.tree import DecisionTreeRegressor\n",
    "from sklearn.ensemble import RandomForestRegressor,AdaBoostRegressor\n",
    "from sklearn.svm import SVR\n",
    "from sklearn.linear_model import LinearRegression, Ridge,Lasso\n",
    "from sklearn.metrics import r2_score, mean_absolute_error, mean_squared_error\n",
    "from sklearn.model_selection import RandomizedSearchCV\n",
    "from catboost import CatBoostRegressor\n",
    "#from xgboost import XGBRegressor\n",
    "import warnings"
   ]
  },
  {
   "cell_type": "markdown",
   "metadata": {},
   "source": [
    "#### Import the CSV Data as Pandas DataFrame"
   ]
  },
  {
   "cell_type": "code",
   "execution_count": 21,
   "metadata": {},
   "outputs": [],
   "source": [
    "df  = pd.read_csv('data/stud.csv')"
   ]
  },
  {
   "cell_type": "code",
   "execution_count": 22,
   "metadata": {},
   "outputs": [
    {
     "data": {
      "text/html": [
       "<div>\n",
       "<style scoped>\n",
       "    .dataframe tbody tr th:only-of-type {\n",
       "        vertical-align: middle;\n",
       "    }\n",
       "\n",
       "    .dataframe tbody tr th {\n",
       "        vertical-align: top;\n",
       "    }\n",
       "\n",
       "    .dataframe thead th {\n",
       "        text-align: right;\n",
       "    }\n",
       "</style>\n",
       "<table border=\"1\" class=\"dataframe\">\n",
       "  <thead>\n",
       "    <tr style=\"text-align: right;\">\n",
       "      <th></th>\n",
       "      <th>gender</th>\n",
       "      <th>race_ethnicity</th>\n",
       "      <th>parental_level_of_education</th>\n",
       "      <th>lunch</th>\n",
       "      <th>test_preparation_course</th>\n",
       "      <th>math_score</th>\n",
       "      <th>reading_score</th>\n",
       "      <th>writing_score</th>\n",
       "    </tr>\n",
       "  </thead>\n",
       "  <tbody>\n",
       "    <tr>\n",
       "      <th>0</th>\n",
       "      <td>female</td>\n",
       "      <td>group B</td>\n",
       "      <td>bachelor's degree</td>\n",
       "      <td>standard</td>\n",
       "      <td>none</td>\n",
       "      <td>72</td>\n",
       "      <td>72</td>\n",
       "      <td>74</td>\n",
       "    </tr>\n",
       "    <tr>\n",
       "      <th>1</th>\n",
       "      <td>female</td>\n",
       "      <td>group C</td>\n",
       "      <td>some college</td>\n",
       "      <td>standard</td>\n",
       "      <td>completed</td>\n",
       "      <td>69</td>\n",
       "      <td>90</td>\n",
       "      <td>88</td>\n",
       "    </tr>\n",
       "    <tr>\n",
       "      <th>2</th>\n",
       "      <td>female</td>\n",
       "      <td>group B</td>\n",
       "      <td>master's degree</td>\n",
       "      <td>standard</td>\n",
       "      <td>none</td>\n",
       "      <td>90</td>\n",
       "      <td>95</td>\n",
       "      <td>93</td>\n",
       "    </tr>\n",
       "    <tr>\n",
       "      <th>3</th>\n",
       "      <td>male</td>\n",
       "      <td>group A</td>\n",
       "      <td>associate's degree</td>\n",
       "      <td>free/reduced</td>\n",
       "      <td>none</td>\n",
       "      <td>47</td>\n",
       "      <td>57</td>\n",
       "      <td>44</td>\n",
       "    </tr>\n",
       "    <tr>\n",
       "      <th>4</th>\n",
       "      <td>male</td>\n",
       "      <td>group C</td>\n",
       "      <td>some college</td>\n",
       "      <td>standard</td>\n",
       "      <td>none</td>\n",
       "      <td>76</td>\n",
       "      <td>78</td>\n",
       "      <td>75</td>\n",
       "    </tr>\n",
       "  </tbody>\n",
       "</table>\n",
       "</div>"
      ],
      "text/plain": [
       "   gender race_ethnicity parental_level_of_education         lunch  \\\n",
       "0  female        group B           bachelor's degree      standard   \n",
       "1  female        group C                some college      standard   \n",
       "2  female        group B             master's degree      standard   \n",
       "3    male        group A          associate's degree  free/reduced   \n",
       "4    male        group C                some college      standard   \n",
       "\n",
       "  test_preparation_course  math_score  reading_score  writing_score  \n",
       "0                    none          72             72             74  \n",
       "1               completed          69             90             88  \n",
       "2                    none          90             95             93  \n",
       "3                    none          47             57             44  \n",
       "4                    none          76             78             75  "
      ]
     },
     "execution_count": 22,
     "metadata": {},
     "output_type": "execute_result"
    }
   ],
   "source": [
    "df.head()"
   ]
  },
  {
   "cell_type": "markdown",
   "metadata": {},
   "source": [
    "#### Preparing X and Y variables"
   ]
  },
  {
   "cell_type": "code",
   "execution_count": 23,
   "metadata": {},
   "outputs": [],
   "source": [
    "X = df.drop(columns=['math_score'],axis=1)"
   ]
  },
  {
   "cell_type": "code",
   "execution_count": 24,
   "metadata": {},
   "outputs": [
    {
     "data": {
      "text/html": [
       "<div>\n",
       "<style scoped>\n",
       "    .dataframe tbody tr th:only-of-type {\n",
       "        vertical-align: middle;\n",
       "    }\n",
       "\n",
       "    .dataframe tbody tr th {\n",
       "        vertical-align: top;\n",
       "    }\n",
       "\n",
       "    .dataframe thead th {\n",
       "        text-align: right;\n",
       "    }\n",
       "</style>\n",
       "<table border=\"1\" class=\"dataframe\">\n",
       "  <thead>\n",
       "    <tr style=\"text-align: right;\">\n",
       "      <th></th>\n",
       "      <th>gender</th>\n",
       "      <th>race_ethnicity</th>\n",
       "      <th>parental_level_of_education</th>\n",
       "      <th>lunch</th>\n",
       "      <th>test_preparation_course</th>\n",
       "      <th>reading_score</th>\n",
       "      <th>writing_score</th>\n",
       "    </tr>\n",
       "  </thead>\n",
       "  <tbody>\n",
       "    <tr>\n",
       "      <th>0</th>\n",
       "      <td>female</td>\n",
       "      <td>group B</td>\n",
       "      <td>bachelor's degree</td>\n",
       "      <td>standard</td>\n",
       "      <td>none</td>\n",
       "      <td>72</td>\n",
       "      <td>74</td>\n",
       "    </tr>\n",
       "    <tr>\n",
       "      <th>1</th>\n",
       "      <td>female</td>\n",
       "      <td>group C</td>\n",
       "      <td>some college</td>\n",
       "      <td>standard</td>\n",
       "      <td>completed</td>\n",
       "      <td>90</td>\n",
       "      <td>88</td>\n",
       "    </tr>\n",
       "    <tr>\n",
       "      <th>2</th>\n",
       "      <td>female</td>\n",
       "      <td>group B</td>\n",
       "      <td>master's degree</td>\n",
       "      <td>standard</td>\n",
       "      <td>none</td>\n",
       "      <td>95</td>\n",
       "      <td>93</td>\n",
       "    </tr>\n",
       "    <tr>\n",
       "      <th>3</th>\n",
       "      <td>male</td>\n",
       "      <td>group A</td>\n",
       "      <td>associate's degree</td>\n",
       "      <td>free/reduced</td>\n",
       "      <td>none</td>\n",
       "      <td>57</td>\n",
       "      <td>44</td>\n",
       "    </tr>\n",
       "    <tr>\n",
       "      <th>4</th>\n",
       "      <td>male</td>\n",
       "      <td>group C</td>\n",
       "      <td>some college</td>\n",
       "      <td>standard</td>\n",
       "      <td>none</td>\n",
       "      <td>78</td>\n",
       "      <td>75</td>\n",
       "    </tr>\n",
       "  </tbody>\n",
       "</table>\n",
       "</div>"
      ],
      "text/plain": [
       "   gender race_ethnicity parental_level_of_education         lunch  \\\n",
       "0  female        group B           bachelor's degree      standard   \n",
       "1  female        group C                some college      standard   \n",
       "2  female        group B             master's degree      standard   \n",
       "3    male        group A          associate's degree  free/reduced   \n",
       "4    male        group C                some college      standard   \n",
       "\n",
       "  test_preparation_course  reading_score  writing_score  \n",
       "0                    none             72             74  \n",
       "1               completed             90             88  \n",
       "2                    none             95             93  \n",
       "3                    none             57             44  \n",
       "4                    none             78             75  "
      ]
     },
     "execution_count": 24,
     "metadata": {},
     "output_type": "execute_result"
    }
   ],
   "source": [
    "X.head()"
   ]
  },
  {
   "cell_type": "code",
   "execution_count": 25,
   "metadata": {},
   "outputs": [
    {
     "name": "stdout",
     "output_type": "stream",
     "text": [
      "Categories in 'gender' variable:      ['female' 'male']\n",
      "Categories in 'race_ethnicity' variable:   ['group B' 'group C' 'group A' 'group D' 'group E']\n",
      "Categories in'parental level of education' variable: [\"bachelor's degree\" 'some college' \"master's degree\" \"associate's degree\"\n",
      " 'high school' 'some high school']\n",
      "Categories in 'lunch' variable:      ['standard' 'free/reduced']\n",
      "Categories in 'test preparation course' variable:      ['none' 'completed']\n"
     ]
    }
   ],
   "source": [
    "print(\"Categories in 'gender' variable:     \",end=\" \" )\n",
    "print(df['gender'].unique())\n",
    "\n",
    "print(\"Categories in 'race_ethnicity' variable:  \",end=\" \")\n",
    "print(df['race_ethnicity'].unique())\n",
    "\n",
    "print(\"Categories in'parental level of education' variable:\",end=\" \" )\n",
    "print(df['parental_level_of_education'].unique())\n",
    "\n",
    "print(\"Categories in 'lunch' variable:     \",end=\" \" )\n",
    "print(df['lunch'].unique())\n",
    "\n",
    "print(\"Categories in 'test preparation course' variable:     \",end=\" \" )\n",
    "print(df['test_preparation_course'].unique())"
   ]
  },
  {
   "cell_type": "code",
   "execution_count": 26,
   "metadata": {},
   "outputs": [
    {
     "data": {
      "text/plain": [
       "0    72\n",
       "1    69\n",
       "2    90\n",
       "3    47\n",
       "4    76\n",
       "Name: math_score, dtype: int64"
      ]
     },
     "execution_count": 26,
     "metadata": {},
     "output_type": "execute_result"
    }
   ],
   "source": [
    "y = df['math_score']\n",
    "y.head()"
   ]
  },
  {
   "cell_type": "code",
   "execution_count": 27,
   "metadata": {},
   "outputs": [
    {
     "data": {
      "text/plain": [
       "(1000, 7)"
      ]
     },
     "execution_count": 27,
     "metadata": {},
     "output_type": "execute_result"
    }
   ],
   "source": [
    "X.shape"
   ]
  },
  {
   "cell_type": "code",
   "execution_count": 28,
   "metadata": {},
   "outputs": [],
   "source": [
    "## Create Column Transformation with 3 types of transformers\n",
    "num_features = X.select_dtypes(exclude=\"object\").columns\n",
    "cat_features = X.select_dtypes(include=\"object\").columns\n",
    "\n",
    "from sklearn.preprocessing import OneHotEncoder, StandardScaler\n",
    "from sklearn.compose import ColumnTransformer\n",
    "\n",
    "numeric_transformer = StandardScaler()\n",
    "oh_transformer = OneHotEncoder()\n",
    "\n",
    "preprocessor = ColumnTransformer(\n",
    "    [\n",
    "        (\"OneHotEncoder\",oh_transformer,cat_features),\n",
    "        (\"StandardScaler\", numeric_transformer,num_features),\n",
    "    ]\n",
    ")"
   ]
  },
  {
   "cell_type": "code",
   "execution_count": 29,
   "metadata": {},
   "outputs": [],
   "source": [
    "X = preprocessor.fit_transform(X)"
   ]
  },
  {
   "cell_type": "code",
   "execution_count": 30,
   "metadata": {},
   "outputs": [
    {
     "data": {
      "text/plain": [
       "(1000, 19)"
      ]
     },
     "execution_count": 30,
     "metadata": {},
     "output_type": "execute_result"
    }
   ],
   "source": [
    "X.shape"
   ]
  },
  {
   "cell_type": "code",
   "execution_count": 31,
   "metadata": {},
   "outputs": [
    {
     "data": {
      "text/plain": [
       "array([[ 1.        ,  0.        ,  0.        , ...,  1.        ,\n",
       "         0.19399858,  0.39149181],\n",
       "       [ 1.        ,  0.        ,  0.        , ...,  0.        ,\n",
       "         1.42747598,  1.31326868],\n",
       "       [ 1.        ,  0.        ,  0.        , ...,  1.        ,\n",
       "         1.77010859,  1.64247471],\n",
       "       ...,\n",
       "       [ 1.        ,  0.        ,  0.        , ...,  0.        ,\n",
       "         0.12547206, -0.20107904],\n",
       "       [ 1.        ,  0.        ,  0.        , ...,  0.        ,\n",
       "         0.60515772,  0.58901542],\n",
       "       [ 1.        ,  0.        ,  0.        , ...,  1.        ,\n",
       "         1.15336989,  1.18158627]])"
      ]
     },
     "execution_count": 31,
     "metadata": {},
     "output_type": "execute_result"
    }
   ],
   "source": [
    "X"
   ]
  },
  {
   "cell_type": "code",
   "execution_count": 32,
   "metadata": {},
   "outputs": [
    {
     "data": {
      "text/html": [
       "<div>\n",
       "<style scoped>\n",
       "    .dataframe tbody tr th:only-of-type {\n",
       "        vertical-align: middle;\n",
       "    }\n",
       "\n",
       "    .dataframe tbody tr th {\n",
       "        vertical-align: top;\n",
       "    }\n",
       "\n",
       "    .dataframe thead th {\n",
       "        text-align: right;\n",
       "    }\n",
       "</style>\n",
       "<table border=\"1\" class=\"dataframe\">\n",
       "  <thead>\n",
       "    <tr style=\"text-align: right;\">\n",
       "      <th></th>\n",
       "      <th>0</th>\n",
       "      <th>1</th>\n",
       "      <th>2</th>\n",
       "      <th>3</th>\n",
       "      <th>4</th>\n",
       "      <th>5</th>\n",
       "      <th>6</th>\n",
       "      <th>7</th>\n",
       "      <th>8</th>\n",
       "      <th>9</th>\n",
       "      <th>10</th>\n",
       "      <th>11</th>\n",
       "      <th>12</th>\n",
       "      <th>13</th>\n",
       "      <th>14</th>\n",
       "      <th>15</th>\n",
       "      <th>16</th>\n",
       "      <th>17</th>\n",
       "      <th>18</th>\n",
       "    </tr>\n",
       "  </thead>\n",
       "  <tbody>\n",
       "    <tr>\n",
       "      <th>0</th>\n",
       "      <td>1.0</td>\n",
       "      <td>0.0</td>\n",
       "      <td>0.0</td>\n",
       "      <td>1.0</td>\n",
       "      <td>0.0</td>\n",
       "      <td>0.0</td>\n",
       "      <td>0.0</td>\n",
       "      <td>0.0</td>\n",
       "      <td>1.0</td>\n",
       "      <td>0.0</td>\n",
       "      <td>0.0</td>\n",
       "      <td>0.0</td>\n",
       "      <td>0.0</td>\n",
       "      <td>0.0</td>\n",
       "      <td>1.0</td>\n",
       "      <td>0.0</td>\n",
       "      <td>1.0</td>\n",
       "      <td>0.193999</td>\n",
       "      <td>0.391492</td>\n",
       "    </tr>\n",
       "    <tr>\n",
       "      <th>1</th>\n",
       "      <td>1.0</td>\n",
       "      <td>0.0</td>\n",
       "      <td>0.0</td>\n",
       "      <td>0.0</td>\n",
       "      <td>1.0</td>\n",
       "      <td>0.0</td>\n",
       "      <td>0.0</td>\n",
       "      <td>0.0</td>\n",
       "      <td>0.0</td>\n",
       "      <td>0.0</td>\n",
       "      <td>0.0</td>\n",
       "      <td>1.0</td>\n",
       "      <td>0.0</td>\n",
       "      <td>0.0</td>\n",
       "      <td>1.0</td>\n",
       "      <td>1.0</td>\n",
       "      <td>0.0</td>\n",
       "      <td>1.427476</td>\n",
       "      <td>1.313269</td>\n",
       "    </tr>\n",
       "    <tr>\n",
       "      <th>2</th>\n",
       "      <td>1.0</td>\n",
       "      <td>0.0</td>\n",
       "      <td>0.0</td>\n",
       "      <td>1.0</td>\n",
       "      <td>0.0</td>\n",
       "      <td>0.0</td>\n",
       "      <td>0.0</td>\n",
       "      <td>0.0</td>\n",
       "      <td>0.0</td>\n",
       "      <td>0.0</td>\n",
       "      <td>1.0</td>\n",
       "      <td>0.0</td>\n",
       "      <td>0.0</td>\n",
       "      <td>0.0</td>\n",
       "      <td>1.0</td>\n",
       "      <td>0.0</td>\n",
       "      <td>1.0</td>\n",
       "      <td>1.770109</td>\n",
       "      <td>1.642475</td>\n",
       "    </tr>\n",
       "    <tr>\n",
       "      <th>3</th>\n",
       "      <td>0.0</td>\n",
       "      <td>1.0</td>\n",
       "      <td>1.0</td>\n",
       "      <td>0.0</td>\n",
       "      <td>0.0</td>\n",
       "      <td>0.0</td>\n",
       "      <td>0.0</td>\n",
       "      <td>1.0</td>\n",
       "      <td>0.0</td>\n",
       "      <td>0.0</td>\n",
       "      <td>0.0</td>\n",
       "      <td>0.0</td>\n",
       "      <td>0.0</td>\n",
       "      <td>1.0</td>\n",
       "      <td>0.0</td>\n",
       "      <td>0.0</td>\n",
       "      <td>1.0</td>\n",
       "      <td>-0.833899</td>\n",
       "      <td>-1.583744</td>\n",
       "    </tr>\n",
       "    <tr>\n",
       "      <th>4</th>\n",
       "      <td>0.0</td>\n",
       "      <td>1.0</td>\n",
       "      <td>0.0</td>\n",
       "      <td>0.0</td>\n",
       "      <td>1.0</td>\n",
       "      <td>0.0</td>\n",
       "      <td>0.0</td>\n",
       "      <td>0.0</td>\n",
       "      <td>0.0</td>\n",
       "      <td>0.0</td>\n",
       "      <td>0.0</td>\n",
       "      <td>1.0</td>\n",
       "      <td>0.0</td>\n",
       "      <td>0.0</td>\n",
       "      <td>1.0</td>\n",
       "      <td>0.0</td>\n",
       "      <td>1.0</td>\n",
       "      <td>0.605158</td>\n",
       "      <td>0.457333</td>\n",
       "    </tr>\n",
       "  </tbody>\n",
       "</table>\n",
       "</div>"
      ],
      "text/plain": [
       "    0    1    2    3    4    5    6    7    8    9    10   11   12   13   14  \\\n",
       "0  1.0  0.0  0.0  1.0  0.0  0.0  0.0  0.0  1.0  0.0  0.0  0.0  0.0  0.0  1.0   \n",
       "1  1.0  0.0  0.0  0.0  1.0  0.0  0.0  0.0  0.0  0.0  0.0  1.0  0.0  0.0  1.0   \n",
       "2  1.0  0.0  0.0  1.0  0.0  0.0  0.0  0.0  0.0  0.0  1.0  0.0  0.0  0.0  1.0   \n",
       "3  0.0  1.0  1.0  0.0  0.0  0.0  0.0  1.0  0.0  0.0  0.0  0.0  0.0  1.0  0.0   \n",
       "4  0.0  1.0  0.0  0.0  1.0  0.0  0.0  0.0  0.0  0.0  0.0  1.0  0.0  0.0  1.0   \n",
       "\n",
       "    15   16        17        18  \n",
       "0  0.0  1.0  0.193999  0.391492  \n",
       "1  1.0  0.0  1.427476  1.313269  \n",
       "2  0.0  1.0  1.770109  1.642475  \n",
       "3  0.0  1.0 -0.833899 -1.583744  \n",
       "4  0.0  1.0  0.605158  0.457333  "
      ]
     },
     "execution_count": 32,
     "metadata": {},
     "output_type": "execute_result"
    }
   ],
   "source": [
    "X = pd.DataFrame(X)\n",
    "X.head()"
   ]
  },
  {
   "cell_type": "code",
   "execution_count": 33,
   "metadata": {},
   "outputs": [
    {
     "data": {
      "text/html": [
       "<div>\n",
       "<style scoped>\n",
       "    .dataframe tbody tr th:only-of-type {\n",
       "        vertical-align: middle;\n",
       "    }\n",
       "\n",
       "    .dataframe tbody tr th {\n",
       "        vertical-align: top;\n",
       "    }\n",
       "\n",
       "    .dataframe thead th {\n",
       "        text-align: right;\n",
       "    }\n",
       "</style>\n",
       "<table border=\"1\" class=\"dataframe\">\n",
       "  <thead>\n",
       "    <tr style=\"text-align: right;\">\n",
       "      <th></th>\n",
       "      <th>0</th>\n",
       "      <th>1</th>\n",
       "      <th>2</th>\n",
       "      <th>3</th>\n",
       "      <th>4</th>\n",
       "      <th>5</th>\n",
       "      <th>6</th>\n",
       "      <th>7</th>\n",
       "      <th>8</th>\n",
       "      <th>9</th>\n",
       "      <th>10</th>\n",
       "      <th>11</th>\n",
       "      <th>12</th>\n",
       "      <th>13</th>\n",
       "      <th>14</th>\n",
       "      <th>15</th>\n",
       "      <th>16</th>\n",
       "      <th>17</th>\n",
       "      <th>18</th>\n",
       "    </tr>\n",
       "  </thead>\n",
       "  <tbody>\n",
       "    <tr>\n",
       "      <th>0</th>\n",
       "      <td>1.000000</td>\n",
       "      <td>-1.000000</td>\n",
       "      <td>-0.071001</td>\n",
       "      <td>0.028466</td>\n",
       "      <td>0.063368</td>\n",
       "      <td>-0.030566</td>\n",
       "      <td>-0.020302</td>\n",
       "      <td>0.004835</td>\n",
       "      <td>0.011638</td>\n",
       "      <td>-0.037952</td>\n",
       "      <td>0.046188</td>\n",
       "      <td>0.004460</td>\n",
       "      <td>-0.008990</td>\n",
       "      <td>0.021372</td>\n",
       "      <td>-0.021372</td>\n",
       "      <td>-0.006028</td>\n",
       "      <td>0.006028</td>\n",
       "      <td>0.244313</td>\n",
       "      <td>0.301225</td>\n",
       "    </tr>\n",
       "    <tr>\n",
       "      <th>1</th>\n",
       "      <td>-1.000000</td>\n",
       "      <td>1.000000</td>\n",
       "      <td>0.071001</td>\n",
       "      <td>-0.028466</td>\n",
       "      <td>-0.063368</td>\n",
       "      <td>0.030566</td>\n",
       "      <td>0.020302</td>\n",
       "      <td>-0.004835</td>\n",
       "      <td>-0.011638</td>\n",
       "      <td>0.037952</td>\n",
       "      <td>-0.046188</td>\n",
       "      <td>-0.004460</td>\n",
       "      <td>0.008990</td>\n",
       "      <td>-0.021372</td>\n",
       "      <td>0.021372</td>\n",
       "      <td>0.006028</td>\n",
       "      <td>-0.006028</td>\n",
       "      <td>-0.244313</td>\n",
       "      <td>-0.301225</td>\n",
       "    </tr>\n",
       "    <tr>\n",
       "      <th>2</th>\n",
       "      <td>-0.071001</td>\n",
       "      <td>0.071001</td>\n",
       "      <td>1.000000</td>\n",
       "      <td>-0.151381</td>\n",
       "      <td>-0.213923</td>\n",
       "      <td>-0.186234</td>\n",
       "      <td>-0.126110</td>\n",
       "      <td>-0.048658</td>\n",
       "      <td>0.016307</td>\n",
       "      <td>0.004919</td>\n",
       "      <td>-0.033551</td>\n",
       "      <td>-0.017751</td>\n",
       "      <td>0.073921</td>\n",
       "      <td>0.032329</td>\n",
       "      <td>-0.032329</td>\n",
       "      <td>-0.006315</td>\n",
       "      <td>0.006315</td>\n",
       "      <td>-0.096274</td>\n",
       "      <td>-0.110714</td>\n",
       "    </tr>\n",
       "    <tr>\n",
       "      <th>3</th>\n",
       "      <td>0.028466</td>\n",
       "      <td>-0.028466</td>\n",
       "      <td>-0.151381</td>\n",
       "      <td>1.000000</td>\n",
       "      <td>-0.331479</td>\n",
       "      <td>-0.288574</td>\n",
       "      <td>-0.195411</td>\n",
       "      <td>-0.007238</td>\n",
       "      <td>-0.019121</td>\n",
       "      <td>0.069093</td>\n",
       "      <td>-0.056363</td>\n",
       "      <td>-0.036203</td>\n",
       "      <td>0.026531</td>\n",
       "      <td>0.008257</td>\n",
       "      <td>-0.008257</td>\n",
       "      <td>-0.000106</td>\n",
       "      <td>0.000106</td>\n",
       "      <td>-0.060283</td>\n",
       "      <td>-0.078254</td>\n",
       "    </tr>\n",
       "    <tr>\n",
       "      <th>4</th>\n",
       "      <td>0.063368</td>\n",
       "      <td>-0.063368</td>\n",
       "      <td>-0.213923</td>\n",
       "      <td>-0.331479</td>\n",
       "      <td>1.000000</td>\n",
       "      <td>-0.407797</td>\n",
       "      <td>-0.276145</td>\n",
       "      <td>0.037077</td>\n",
       "      <td>0.015682</td>\n",
       "      <td>0.007977</td>\n",
       "      <td>0.001630</td>\n",
       "      <td>-0.015872</td>\n",
       "      <td>-0.045339</td>\n",
       "      <td>0.003385</td>\n",
       "      <td>-0.003385</td>\n",
       "      <td>0.012522</td>\n",
       "      <td>-0.012522</td>\n",
       "      <td>-0.003074</td>\n",
       "      <td>-0.010203</td>\n",
       "    </tr>\n",
       "    <tr>\n",
       "      <th>5</th>\n",
       "      <td>-0.030566</td>\n",
       "      <td>0.030566</td>\n",
       "      <td>-0.186234</td>\n",
       "      <td>-0.288574</td>\n",
       "      <td>-0.407797</td>\n",
       "      <td>1.000000</td>\n",
       "      <td>-0.240402</td>\n",
       "      <td>-0.044674</td>\n",
       "      <td>-0.020556</td>\n",
       "      <td>-0.042118</td>\n",
       "      <td>0.072793</td>\n",
       "      <td>0.042347</td>\n",
       "      <td>0.018402</td>\n",
       "      <td>0.009458</td>\n",
       "      <td>-0.009458</td>\n",
       "      <td>-0.055956</td>\n",
       "      <td>0.055956</td>\n",
       "      <td>0.035177</td>\n",
       "      <td>0.082032</td>\n",
       "    </tr>\n",
       "    <tr>\n",
       "      <th>6</th>\n",
       "      <td>-0.020302</td>\n",
       "      <td>0.020302</td>\n",
       "      <td>-0.126110</td>\n",
       "      <td>-0.195411</td>\n",
       "      <td>-0.276145</td>\n",
       "      <td>-0.240402</td>\n",
       "      <td>1.000000</td>\n",
       "      <td>0.054922</td>\n",
       "      <td>0.013221</td>\n",
       "      <td>-0.039494</td>\n",
       "      <td>-0.003180</td>\n",
       "      <td>0.023153</td>\n",
       "      <td>-0.053075</td>\n",
       "      <td>-0.052398</td>\n",
       "      <td>0.052398</td>\n",
       "      <td>0.059393</td>\n",
       "      <td>-0.059393</td>\n",
       "      <td>0.106712</td>\n",
       "      <td>0.089077</td>\n",
       "    </tr>\n",
       "    <tr>\n",
       "      <th>7</th>\n",
       "      <td>0.004835</td>\n",
       "      <td>-0.004835</td>\n",
       "      <td>-0.048658</td>\n",
       "      <td>-0.007238</td>\n",
       "      <td>0.037077</td>\n",
       "      <td>-0.044674</td>\n",
       "      <td>0.054922</td>\n",
       "      <td>1.000000</td>\n",
       "      <td>-0.195386</td>\n",
       "      <td>-0.263746</td>\n",
       "      <td>-0.133757</td>\n",
       "      <td>-0.288649</td>\n",
       "      <td>-0.249426</td>\n",
       "      <td>-0.009102</td>\n",
       "      <td>0.009102</td>\n",
       "      <td>0.012668</td>\n",
       "      <td>-0.012668</td>\n",
       "      <td>0.064386</td>\n",
       "      <td>0.064799</td>\n",
       "    </tr>\n",
       "    <tr>\n",
       "      <th>8</th>\n",
       "      <td>0.011638</td>\n",
       "      <td>-0.011638</td>\n",
       "      <td>0.016307</td>\n",
       "      <td>-0.019121</td>\n",
       "      <td>0.015682</td>\n",
       "      <td>-0.020556</td>\n",
       "      <td>0.013221</td>\n",
       "      <td>-0.195386</td>\n",
       "      <td>1.000000</td>\n",
       "      <td>-0.180595</td>\n",
       "      <td>-0.091588</td>\n",
       "      <td>-0.197647</td>\n",
       "      <td>-0.170790</td>\n",
       "      <td>0.013668</td>\n",
       "      <td>-0.013668</td>\n",
       "      <td>0.024285</td>\n",
       "      <td>-0.024285</td>\n",
       "      <td>0.096024</td>\n",
       "      <td>0.128297</td>\n",
       "    </tr>\n",
       "    <tr>\n",
       "      <th>9</th>\n",
       "      <td>-0.037952</td>\n",
       "      <td>0.037952</td>\n",
       "      <td>0.004919</td>\n",
       "      <td>0.069093</td>\n",
       "      <td>0.007977</td>\n",
       "      <td>-0.042118</td>\n",
       "      <td>-0.039494</td>\n",
       "      <td>-0.263746</td>\n",
       "      <td>-0.180595</td>\n",
       "      <td>1.000000</td>\n",
       "      <td>-0.123632</td>\n",
       "      <td>-0.266799</td>\n",
       "      <td>-0.230545</td>\n",
       "      <td>0.002211</td>\n",
       "      <td>-0.002211</td>\n",
       "      <td>-0.074446</td>\n",
       "      <td>0.074446</td>\n",
       "      <td>-0.151068</td>\n",
       "      <td>-0.182211</td>\n",
       "    </tr>\n",
       "    <tr>\n",
       "      <th>10</th>\n",
       "      <td>0.046188</td>\n",
       "      <td>-0.046188</td>\n",
       "      <td>-0.033551</td>\n",
       "      <td>-0.056363</td>\n",
       "      <td>0.001630</td>\n",
       "      <td>0.072793</td>\n",
       "      <td>-0.003180</td>\n",
       "      <td>-0.133757</td>\n",
       "      <td>-0.091588</td>\n",
       "      <td>-0.123632</td>\n",
       "      <td>1.000000</td>\n",
       "      <td>-0.135305</td>\n",
       "      <td>-0.116919</td>\n",
       "      <td>0.027095</td>\n",
       "      <td>-0.027095</td>\n",
       "      <td>-0.009933</td>\n",
       "      <td>0.009933</td>\n",
       "      <td>0.106452</td>\n",
       "      <td>0.125693</td>\n",
       "    </tr>\n",
       "    <tr>\n",
       "      <th>11</th>\n",
       "      <td>0.004460</td>\n",
       "      <td>-0.004460</td>\n",
       "      <td>-0.017751</td>\n",
       "      <td>-0.036203</td>\n",
       "      <td>-0.015872</td>\n",
       "      <td>0.042347</td>\n",
       "      <td>0.023153</td>\n",
       "      <td>-0.288649</td>\n",
       "      <td>-0.197647</td>\n",
       "      <td>-0.266799</td>\n",
       "      <td>-0.135305</td>\n",
       "      <td>1.000000</td>\n",
       "      <td>-0.252312</td>\n",
       "      <td>-0.006146</td>\n",
       "      <td>0.006146</td>\n",
       "      <td>-0.019490</td>\n",
       "      <td>0.019490</td>\n",
       "      <td>0.010782</td>\n",
       "      <td>0.027989</td>\n",
       "    </tr>\n",
       "    <tr>\n",
       "      <th>12</th>\n",
       "      <td>-0.008990</td>\n",
       "      <td>0.008990</td>\n",
       "      <td>0.073921</td>\n",
       "      <td>0.026531</td>\n",
       "      <td>-0.045339</td>\n",
       "      <td>0.018402</td>\n",
       "      <td>-0.053075</td>\n",
       "      <td>-0.249426</td>\n",
       "      <td>-0.170790</td>\n",
       "      <td>-0.230545</td>\n",
       "      <td>-0.116919</td>\n",
       "      <td>-0.252312</td>\n",
       "      <td>1.000000</td>\n",
       "      <td>-0.013874</td>\n",
       "      <td>0.013874</td>\n",
       "      <td>0.070289</td>\n",
       "      <td>-0.070289</td>\n",
       "      <td>-0.071369</td>\n",
       "      <td>-0.097326</td>\n",
       "    </tr>\n",
       "    <tr>\n",
       "      <th>13</th>\n",
       "      <td>0.021372</td>\n",
       "      <td>-0.021372</td>\n",
       "      <td>0.032329</td>\n",
       "      <td>0.008257</td>\n",
       "      <td>0.003385</td>\n",
       "      <td>0.009458</td>\n",
       "      <td>-0.052398</td>\n",
       "      <td>-0.009102</td>\n",
       "      <td>0.013668</td>\n",
       "      <td>0.002211</td>\n",
       "      <td>0.027095</td>\n",
       "      <td>-0.006146</td>\n",
       "      <td>-0.013874</td>\n",
       "      <td>1.000000</td>\n",
       "      <td>-1.000000</td>\n",
       "      <td>0.017044</td>\n",
       "      <td>-0.017044</td>\n",
       "      <td>-0.229560</td>\n",
       "      <td>-0.245769</td>\n",
       "    </tr>\n",
       "    <tr>\n",
       "      <th>14</th>\n",
       "      <td>-0.021372</td>\n",
       "      <td>0.021372</td>\n",
       "      <td>-0.032329</td>\n",
       "      <td>-0.008257</td>\n",
       "      <td>-0.003385</td>\n",
       "      <td>-0.009458</td>\n",
       "      <td>0.052398</td>\n",
       "      <td>0.009102</td>\n",
       "      <td>-0.013668</td>\n",
       "      <td>-0.002211</td>\n",
       "      <td>-0.027095</td>\n",
       "      <td>0.006146</td>\n",
       "      <td>0.013874</td>\n",
       "      <td>-1.000000</td>\n",
       "      <td>1.000000</td>\n",
       "      <td>-0.017044</td>\n",
       "      <td>0.017044</td>\n",
       "      <td>0.229560</td>\n",
       "      <td>0.245769</td>\n",
       "    </tr>\n",
       "    <tr>\n",
       "      <th>15</th>\n",
       "      <td>-0.006028</td>\n",
       "      <td>0.006028</td>\n",
       "      <td>-0.006315</td>\n",
       "      <td>-0.000106</td>\n",
       "      <td>0.012522</td>\n",
       "      <td>-0.055956</td>\n",
       "      <td>0.059393</td>\n",
       "      <td>0.012668</td>\n",
       "      <td>0.024285</td>\n",
       "      <td>-0.074446</td>\n",
       "      <td>-0.009933</td>\n",
       "      <td>-0.019490</td>\n",
       "      <td>0.070289</td>\n",
       "      <td>0.017044</td>\n",
       "      <td>-0.017044</td>\n",
       "      <td>1.000000</td>\n",
       "      <td>-1.000000</td>\n",
       "      <td>0.241780</td>\n",
       "      <td>0.312946</td>\n",
       "    </tr>\n",
       "    <tr>\n",
       "      <th>16</th>\n",
       "      <td>0.006028</td>\n",
       "      <td>-0.006028</td>\n",
       "      <td>0.006315</td>\n",
       "      <td>0.000106</td>\n",
       "      <td>-0.012522</td>\n",
       "      <td>0.055956</td>\n",
       "      <td>-0.059393</td>\n",
       "      <td>-0.012668</td>\n",
       "      <td>-0.024285</td>\n",
       "      <td>0.074446</td>\n",
       "      <td>0.009933</td>\n",
       "      <td>0.019490</td>\n",
       "      <td>-0.070289</td>\n",
       "      <td>-0.017044</td>\n",
       "      <td>0.017044</td>\n",
       "      <td>-1.000000</td>\n",
       "      <td>1.000000</td>\n",
       "      <td>-0.241780</td>\n",
       "      <td>-0.312946</td>\n",
       "    </tr>\n",
       "    <tr>\n",
       "      <th>17</th>\n",
       "      <td>0.244313</td>\n",
       "      <td>-0.244313</td>\n",
       "      <td>-0.096274</td>\n",
       "      <td>-0.060283</td>\n",
       "      <td>-0.003074</td>\n",
       "      <td>0.035177</td>\n",
       "      <td>0.106712</td>\n",
       "      <td>0.064386</td>\n",
       "      <td>0.096024</td>\n",
       "      <td>-0.151068</td>\n",
       "      <td>0.106452</td>\n",
       "      <td>0.010782</td>\n",
       "      <td>-0.071369</td>\n",
       "      <td>-0.229560</td>\n",
       "      <td>0.229560</td>\n",
       "      <td>0.241780</td>\n",
       "      <td>-0.241780</td>\n",
       "      <td>1.000000</td>\n",
       "      <td>0.954598</td>\n",
       "    </tr>\n",
       "    <tr>\n",
       "      <th>18</th>\n",
       "      <td>0.301225</td>\n",
       "      <td>-0.301225</td>\n",
       "      <td>-0.110714</td>\n",
       "      <td>-0.078254</td>\n",
       "      <td>-0.010203</td>\n",
       "      <td>0.082032</td>\n",
       "      <td>0.089077</td>\n",
       "      <td>0.064799</td>\n",
       "      <td>0.128297</td>\n",
       "      <td>-0.182211</td>\n",
       "      <td>0.125693</td>\n",
       "      <td>0.027989</td>\n",
       "      <td>-0.097326</td>\n",
       "      <td>-0.245769</td>\n",
       "      <td>0.245769</td>\n",
       "      <td>0.312946</td>\n",
       "      <td>-0.312946</td>\n",
       "      <td>0.954598</td>\n",
       "      <td>1.000000</td>\n",
       "    </tr>\n",
       "  </tbody>\n",
       "</table>\n",
       "</div>"
      ],
      "text/plain": [
       "          0         1         2         3         4         5         6   \\\n",
       "0   1.000000 -1.000000 -0.071001  0.028466  0.063368 -0.030566 -0.020302   \n",
       "1  -1.000000  1.000000  0.071001 -0.028466 -0.063368  0.030566  0.020302   \n",
       "2  -0.071001  0.071001  1.000000 -0.151381 -0.213923 -0.186234 -0.126110   \n",
       "3   0.028466 -0.028466 -0.151381  1.000000 -0.331479 -0.288574 -0.195411   \n",
       "4   0.063368 -0.063368 -0.213923 -0.331479  1.000000 -0.407797 -0.276145   \n",
       "5  -0.030566  0.030566 -0.186234 -0.288574 -0.407797  1.000000 -0.240402   \n",
       "6  -0.020302  0.020302 -0.126110 -0.195411 -0.276145 -0.240402  1.000000   \n",
       "7   0.004835 -0.004835 -0.048658 -0.007238  0.037077 -0.044674  0.054922   \n",
       "8   0.011638 -0.011638  0.016307 -0.019121  0.015682 -0.020556  0.013221   \n",
       "9  -0.037952  0.037952  0.004919  0.069093  0.007977 -0.042118 -0.039494   \n",
       "10  0.046188 -0.046188 -0.033551 -0.056363  0.001630  0.072793 -0.003180   \n",
       "11  0.004460 -0.004460 -0.017751 -0.036203 -0.015872  0.042347  0.023153   \n",
       "12 -0.008990  0.008990  0.073921  0.026531 -0.045339  0.018402 -0.053075   \n",
       "13  0.021372 -0.021372  0.032329  0.008257  0.003385  0.009458 -0.052398   \n",
       "14 -0.021372  0.021372 -0.032329 -0.008257 -0.003385 -0.009458  0.052398   \n",
       "15 -0.006028  0.006028 -0.006315 -0.000106  0.012522 -0.055956  0.059393   \n",
       "16  0.006028 -0.006028  0.006315  0.000106 -0.012522  0.055956 -0.059393   \n",
       "17  0.244313 -0.244313 -0.096274 -0.060283 -0.003074  0.035177  0.106712   \n",
       "18  0.301225 -0.301225 -0.110714 -0.078254 -0.010203  0.082032  0.089077   \n",
       "\n",
       "          7         8         9         10        11        12        13  \\\n",
       "0   0.004835  0.011638 -0.037952  0.046188  0.004460 -0.008990  0.021372   \n",
       "1  -0.004835 -0.011638  0.037952 -0.046188 -0.004460  0.008990 -0.021372   \n",
       "2  -0.048658  0.016307  0.004919 -0.033551 -0.017751  0.073921  0.032329   \n",
       "3  -0.007238 -0.019121  0.069093 -0.056363 -0.036203  0.026531  0.008257   \n",
       "4   0.037077  0.015682  0.007977  0.001630 -0.015872 -0.045339  0.003385   \n",
       "5  -0.044674 -0.020556 -0.042118  0.072793  0.042347  0.018402  0.009458   \n",
       "6   0.054922  0.013221 -0.039494 -0.003180  0.023153 -0.053075 -0.052398   \n",
       "7   1.000000 -0.195386 -0.263746 -0.133757 -0.288649 -0.249426 -0.009102   \n",
       "8  -0.195386  1.000000 -0.180595 -0.091588 -0.197647 -0.170790  0.013668   \n",
       "9  -0.263746 -0.180595  1.000000 -0.123632 -0.266799 -0.230545  0.002211   \n",
       "10 -0.133757 -0.091588 -0.123632  1.000000 -0.135305 -0.116919  0.027095   \n",
       "11 -0.288649 -0.197647 -0.266799 -0.135305  1.000000 -0.252312 -0.006146   \n",
       "12 -0.249426 -0.170790 -0.230545 -0.116919 -0.252312  1.000000 -0.013874   \n",
       "13 -0.009102  0.013668  0.002211  0.027095 -0.006146 -0.013874  1.000000   \n",
       "14  0.009102 -0.013668 -0.002211 -0.027095  0.006146  0.013874 -1.000000   \n",
       "15  0.012668  0.024285 -0.074446 -0.009933 -0.019490  0.070289  0.017044   \n",
       "16 -0.012668 -0.024285  0.074446  0.009933  0.019490 -0.070289 -0.017044   \n",
       "17  0.064386  0.096024 -0.151068  0.106452  0.010782 -0.071369 -0.229560   \n",
       "18  0.064799  0.128297 -0.182211  0.125693  0.027989 -0.097326 -0.245769   \n",
       "\n",
       "          14        15        16        17        18  \n",
       "0  -0.021372 -0.006028  0.006028  0.244313  0.301225  \n",
       "1   0.021372  0.006028 -0.006028 -0.244313 -0.301225  \n",
       "2  -0.032329 -0.006315  0.006315 -0.096274 -0.110714  \n",
       "3  -0.008257 -0.000106  0.000106 -0.060283 -0.078254  \n",
       "4  -0.003385  0.012522 -0.012522 -0.003074 -0.010203  \n",
       "5  -0.009458 -0.055956  0.055956  0.035177  0.082032  \n",
       "6   0.052398  0.059393 -0.059393  0.106712  0.089077  \n",
       "7   0.009102  0.012668 -0.012668  0.064386  0.064799  \n",
       "8  -0.013668  0.024285 -0.024285  0.096024  0.128297  \n",
